REFUND
29-Jan-21 2172333235073	17,620.00
29-Jan-21 2172333235074	17,620.00
29-Jan-21 2172333235075	17,620.00
29-Jan-21 2172333235076	17,620.00
29-Jan-21 2172333235077	17,620.00
29-Jan-21 2172333235078	17,620.00
29-Jan-21 2172333235079	17,620.00
06-Jan-23 2172335545062	129,105.00
31-Jan-23 2172335773684	21,480.00
01-Feb-23 2172335782461	17,005.00
29-Jan-20 2172480974579	19,210.00
15-Feb-20 2172480978487	11,690.00
15-Feb-20 2172480978488	11,690.00
15-Feb-20 2172480978489	2,540.00
25-Sep-19 2172491147630	0.00
